: MILLERWASSMANNPROJECT
2000 SPEED !
HOME
1000 MSECS
0 -3942 4496 -7913 10035 -7280 JMA
2000 MSECS
8000 -5313 -4723 -6000 9918 -7280 JMA
2000 MSECS
0 -9876 -779 7913 -1042 -7280 JMA
2000 MSECS
0 -5058 -4496 7913 -10091 7280 JMA
2000 MSECS
-8000 -3687 4723 6000 -9918 7280 JMA
2000 MSECS
0 876 779 -7913 1042 7280 JMA
3000 MSECS
2000 SPEED !
HOME
1000 MSECS
-4000 -8616 343 -7722 10091 10920 JMA
2000 MSECS
-4000 -14406 -4805 7722 -720 10920 JMA
2000 MSECS
4000 5002 4446 5977 -905 10920 JMA
2000 MSECS
-4000 -386 -343 7722 -10091 -3640 JMA
2000 MSECS
-4000 5406 4805 -7722 720 -3640 JMA
2000 MSECS
4000 -14002 -4446 -5977 905 -3640 JMA
3000 MSECS
2000 SPEED !
HOME
1000 MSECS
0 -12433 -3051 -2847 10393 3640 JMA
2000 MSECS
-8000 6017 5348 -2118 8534 3640 JMA
2000 MSECS
0 -14567 -4949 2847 6407 3640 JMA
2000 MSECS
-8000 4428 3936 2118 5568 3640 JMA
2000 MSECS
8000 -14002 -4446 -2118 -5568 -10920 JMA
2000 MSECS
0 5567 4949 -2847 -6408 -10920 JMA
2000 MSECS
8000 -15017 -5348 2118 -8534 -10920 JMA
2000 MSECS
0 -386 -343 2847 -10392 -10920 JMA
3000 MSECS
2000 SPEED !
HOME
1000 MSECS
-4000 -940 -2835 -6223 8134 -12133 JMA
2000 MSECS
4000 -9250 1778 6667 -2800 -12133 JMA
2000 MSECS
-4000 -3560 2836 6223 -8134 2427 JMA
2000 MSECS
4000 -4250 -1778 -6667 2800 2427 JMA
3000 MSECS
HOME
;
